Account_total=30308632.209000
avg_annual_growth=16.11%
back_long=100
back_medium=30
TTT=25
PPP=1.020000
QQQ=10
MedMax2=99.000000
Accu2=99.000000
Deri2=0.012000
Trend2=99.000000
MedMax1=-99.000000
Accu1=-99.000000
Deri1=-0.006000
Trend1=-0.210000
