Account_total=95681904.890000
avg_annual_growth=20.51%
back_long=400
back_medium=40
TTT=5
PPP=0.990000
QQQ=10
MedMax2=99.000000
Accu2=99.000000
Deri2=99.000000
Trend2=0.420000
MedMax1=-0.200000
Accu1=-99.000000
Deri1=-99.000000
Trend1=-0.070000
