Account_total=2771989.217000
avg_annual_growth=15.10%
back_long=600
back_medium=55
TTT=45
PPP=1.030000
QQQ=5
MedMax2=99.000000
Accu2=99.000000
Deri2=99.000000
Trend2=99.000000
MedMax1=-99.000000
Accu1=-20.000000
Deri1=-0.007000
Trend1=-99.000000
