Account_total=751743351.163999
avg_annual_growth=109.27%
back_long=225
back_medium=20
TTT=10
PPP=0.990000
QQQ=15
MedMax2=99.000000
Accu2=99.000000
Deri2=99.000000
Trend2=0.455000
MedMax1=-99.000000
Accu1=-99.000000
Deri1=-99.000000
Trend1=-99.000000
