Account_total=2955737.450000
avg_annual_growth=11.47%
back_long=100
back_medium=30
TTT=25
PPP=1.022000
QQQ=15
MedMax2=99.000000
Accu2=99.000000
Deri2=0.006000
Trend2=99.000000
MedMax1=-0.040000
Accu1=-99.000000
Deri1=-99.000000
Trend1=-0.420000
