Account_total=12285520.970000
avg_annual_growth=18.22%
back_long=350
back_medium=35
TTT=25
PPP=1.040000
QQQ=15
MedMax2=99.000000
Accu2=16.000000
Deri2=0.010000
Trend2=99.000000
MedMax1=-99.000000
Accu1=-99.000000
Deri1=-99.000000
Trend1=-99.000000
