Account_total=8390013.020000
avg_annual_growth=12.08%
back_long=100
back_medium=30
TTT=25
PPP=1.028000
QQQ=15
MedMax2=99.000000
Accu2=99.000000
Deri2=0.012000
Trend2=99.000000
MedMax1=-99.000000
Accu1=-99.000000
Deri1=-99.000000
Trend1=-0.350000
