Account_total=970147.745000
avg_annual_growth=11.66%
back_long=100
back_medium=20
TTT=25
PPP=1.020000
QQQ=15
MedMax2=0.120000
Accu2=99.000000
Deri2=99.000000
Trend2=0.210000
MedMax1=-99.000000
Accu1=-6.000000
Deri1=-99.000000
Trend1=-99.000000
