Account_total=8699069.194000
avg_annual_growth=17.20%
back_long=600
back_medium=10
TTT=25
PPP=1.040000
QQQ=15
MedMax2=99.000000
Accu2=99.000000
Deri2=99.000000
Trend2=99.000000
MedMax1=-99.000000
Accu1=-99.000000
Deri1=-99.000000
Trend1=-99.000000
