Account_total=11726440.098000
avg_annual_growth=15.44%
back_long=600
back_medium=10
TTT=40
PPP=0.990000
QQQ=5
MedMax2=0.190000
Accu2=99.000000
Deri2=0.015000
Trend2=0.105000
MedMax1=-99.000000
Accu1=-99.000000
Deri1=-99.000000
Trend1=-0.455000
