Account_total=37442723.427000
avg_annual_growth=16.86%
back_long=600
back_medium=60
TTT=5
PPP=0.992500
QQQ=15
MedMax2=99.000000
Accu2=99.000000
Deri2=0.020000
Trend2=0.070000
MedMax1=-99.000000
Accu1=-99.000000
Deri1=-0.007000
Trend1=-0.175000
