Account_total=591625.810000
avg_annual_growth=5.44%
back_long=100
back_medium=30
TTT=25
PPP=1.028000
QQQ=15
MedMax2=99.000000
Accu2=6.000000
Deri2=99.000000
Trend2=0.210000
MedMax1=-99.000000
Accu1=-99.000000
Deri1=-99.000000
Trend1=-99.000000
