Account_total=1434452.000000
avg_annual_growth=5.72%
back_long=100
back_medium=20
TTT=25
PPP=1.020000
QQQ=15
MedMax2=99.000000
Accu2=12.000000
Deri2=0.004000
Trend2=99.000000
MedMax1=-0.060000
Accu1=-12.000000
Deri1=-99.000000
Trend1=-0.420000
