Account_total=4573666.480000
avg_annual_growth=9.20%
back_long=550
back_medium=20
TTT=50
PPP=1.035000
QQQ=15
MedMax2=99.000000
Accu2=99.000000
Deri2=99.000000
Trend2=0.070000
MedMax1=-0.140000
Accu1=-99.000000
Deri1=-99.000000
Trend1=-99.000000
