Account_total=11892491.850000
avg_annual_growth=12.62%
back_long=300
back_medium=50
TTT=25
PPP=1.035000
QQQ=5
MedMax2=0.200000
Accu2=99.000000
Deri2=99.000000
Trend2=99.000000
MedMax1=-99.000000
Accu1=-99.000000
Deri1=-0.004000
Trend1=-99.000000
