Account_total=1265332.900000
avg_annual_growth=4.77%
back_long=100
back_medium=30
TTT=25
PPP=1.022000
QQQ=10
MedMax2=99.000000
Accu2=6.000000
Deri2=99.000000
Trend2=99.000000
MedMax1=-99.000000
Accu1=-6.000000
Deri1=-99.000000
Trend1=-99.000000
