Account_total=5183779.400000
avg_annual_growth=9.66%
back_long=100
back_medium=20
TTT=25
PPP=1.020000
QQQ=10
MedMax2=0.120000
Accu2=12.000000
Deri2=0.012000
Trend2=99.000000
MedMax1=-99.000000
Accu1=-4.000000
Deri1=-99.000000
Trend1=-99.000000
