Account_total=4319133.130000
avg_annual_growth=9.76%
back_long=100
back_medium=30
TTT=30
PPP=1.022000
QQQ=10
MedMax2=0.120000
Accu2=12.000000
Deri2=99.000000
Trend2=99.000000
MedMax1=-0.200000
Accu1=-10.000000
Deri1=-99.000000
Trend1=-0.280000
