Account_total=3294694.216000
avg_annual_growth=12.95%
back_long=100
back_medium=30
TTT=30
PPP=1.020000
QQQ=10
MedMax2=99.000000
Accu2=10.000000
Deri2=0.012000
Trend2=99.000000
MedMax1=-0.120000
Accu1=-18.000000
Deri1=-99.000000
Trend1=-99.000000
