Account_total=9323893.290000
avg_annual_growth=11.76%
back_long=450
back_medium=50
TTT=5
PPP=1.015000
QQQ=15
MedMax2=0.200000
Accu2=99.000000
Deri2=0.006000
Trend2=0.420000
MedMax1=-99.000000
Accu1=-99.000000
Deri1=-99.000000
Trend1=-99.000000
