Account_total=7096492.240000
avg_annual_growth=10.75%
back_long=225
back_medium=40
TTT=45
PPP=1.030000
QQQ=15
MedMax2=0.200000
Accu2=99.000000
Deri2=99.000000
Trend2=99.000000
MedMax1=-99.000000
Accu1=-99.000000
Deri1=-99.000000
Trend1=-0.210000
