Account_total=11224094.430000
avg_annual_growth=12.41%
back_long=525
back_medium=55
TTT=25
PPP=0.992500
QQQ=15
MedMax2=99.000000
Accu2=99.000000
Deri2=0.003000
Trend2=0.245000
MedMax1=0.000000
Accu1=-99.000000
Deri1=-99.000000
Trend1=-99.000000
