Account_total=1676104.340000
avg_annual_growth=5.72%
back_long=400
back_medium=30
TTT=30
PPP=1.025000
QQQ=10
MedMax2=99.000000
Accu2=99.000000
Deri2=99.000000
Trend2=99.000000
MedMax1=-0.020000
Accu1=-99.000000
Deri1=-99.000000
Trend1=-99.000000
