Account_total=4729952.280000
avg_annual_growth=9.32%
back_long=475
back_medium=40
TTT=30
PPP=1.037500
QQQ=15
MedMax2=99.000000
Accu2=99.000000
Deri2=99.000000
Trend2=99.000000
MedMax1=-0.190000
Accu1=-99.000000
Deri1=-99.000000
Trend1=-99.000000
