Account_total=4854900.930000
avg_annual_growth=27.91%
back_long=100
back_medium=30
TTT=25
PPP=1.034000
QQQ=10
MedMax2=99.000000
Accu2=99.000000
Deri2=99.000000
Trend2=0.210000
MedMax1=-0.180000
Accu1=-18.000000
Deri1=-99.000000
Trend1=-0.350000
