Account_total=17622238.200000
avg_annual_growth=14.07%
back_long=575
back_medium=60
TTT=15
PPP=1.017500
QQQ=15
MedMax2=99.000000
Accu2=99.000000
Deri2=0.007000
Trend2=0.455000
MedMax1=-99.000000
Accu1=-99.000000
Deri1=-99.000000
Trend1=-99.000000
