Code=TOPIX
date_start_download=1990-01-01
date_start_backtest=1995-01-03
Account_total=2077522.660000
back_long=100
back_medium=50
TTT=5
PPP=1.040000
QQQ=15
MedMax2=0.110000
Accu2=5.600000
Deri2=0.006000
Trend2=0.500000
MedMax1=-0.100000
Accu1=-20.000000
Deri1=-0.006000
Trend1=-0.500000
