Account_total=2163738.300000
avg_annual_growth=8.91%
back_long=100
back_medium=30
TTT=25
PPP=1.020000
QQQ=10
MedMax2=99.000000
Accu2=99.000000
Deri2=99.000000
Trend2=99.000000
MedMax1=-0.060000
Accu1=-99.000000
Deri1=-99.000000
Trend1=-99.000000
