Code=CSI300
date_start_download=1990-01-01
date_start_backtest=1995-01-03
Account_total=3152884.850000
back_long=575
back_medium=50
TTT=5
PPP=1.000000
QQQ=15
MedMax2=0.100000
Accu2=11.000000
Deri2=0.006000
Trend2=0.300000
MedMax1=-0.074000
Accu1=-10.000000
Deri1=-0.006000
Trend1=-0.340000
