Account_total=144664698.369000
avg_annual_growth=22.07%
back_long=350
back_medium=60
TTT=5
PPP=1.010000
QQQ=5
MedMax2=99.000000
Accu2=99.000000
Deri2=0.007000
Trend2=0.210000
MedMax1=-99.000000
Accu1=-99.000000
Deri1=-99.000000
Trend1=-0.070000
