Account_total=1353786.430000
avg_annual_growth=5.00%
back_long=100
back_medium=30
TTT=30
PPP=1.020000
QQQ=15
MedMax2=99.000000
Accu2=99.000000
Deri2=0.004000
Trend2=99.000000
MedMax1=-99.000000
Accu1=-99.000000
Deri1=-99.000000
Trend1=-99.000000
