Code=CHINEXT
date_start_download=1990-01-01
date_start_backtest=1995-01-03
Account_total=2596987.600000
back_long=100
back_medium=50
TTT=5
PPP=1.020000
QQQ=20
MedMax2=0.200000
Accu2=10.000000
Deri2=0.006000
Trend2=0.500000
MedMax1=-0.056000
Accu1=-3.800000
Deri1=-0.006000
Trend1=-0.500000
