Code=FTSE100
date_start_download=1990-01-01
date_start_backtest=1995-01-03
Account_total=1319186.800000
back_long=100
back_medium=50
TTT=50
PPP=0.995000
QQQ=25
MedMax2=0.100000
Accu2=10.000000
Deri2=0.006000
Trend2=0.500000
MedMax1=-0.200000
Accu1=-10.000000
Deri1=-0.006000
Trend1=-0.500000
