Account_total=1167973.230000
avg_annual_growth=11.04%
back_long=100
back_medium=30
TTT=25
PPP=1.020000
QQQ=15
MedMax2=99.000000
Accu2=6.000000
Deri2=99.000000
Trend2=0.350000
MedMax1=-99.000000
Accu1=-99.000000
Deri1=-99.000000
Trend1=-99.000000
