Account_total=1804057.197000
avg_annual_growth=5.98%
back_long=100
back_medium=30
TTT=25
PPP=1.024000
QQQ=15
MedMax2=0.180000
Accu2=99.000000
Deri2=0.006000
Trend2=99.000000
MedMax1=-0.200000
Accu1=-99.000000
Deri1=-99.000000
Trend1=-0.140000
