Account_total=7659149.410000
avg_annual_growth=11.03%
back_long=550
back_medium=40
TTT=5
PPP=1.015000
QQQ=40
MedMax2=99.000000
Accu2=99.000000
Deri2=99.000000
Trend2=99.000000
MedMax1=-99.000000
Accu1=-99.000000
Deri1=-99.000000
Trend1=-0.210000
