Account_total=2379608.088000
avg_annual_growth=6.92%
back_long=550
back_medium=25
TTT=55
PPP=1.032500
QQQ=10
MedMax2=0.040000
Accu2=20.000000
Deri2=0.004000
Trend2=0.455000
MedMax1=-99.000000
Accu1=-99.000000
Deri1=-0.008000
Trend1=-0.350000
