Code=BTC
date_start_download=1990-01-01
date_start_backtest=1995-01-03
Account_total=921268676.230000
avg_annual_growth=102.289796
back_long=150
back_medium=35
TTT=10
PPP=1.040000
QQQ=35
MedMax2=99.000000
Accu2=99.000000
Deri2=0.020000
Trend2=99.000000
MedMax1=-99.000000
Accu1=-99.000000
Deri1=-99.000000
Trend1=-0.380000
