Account_total=6192319.500000
avg_annual_growth=13.19%
back_long=500
back_medium=45
TTT=45
PPP=1.030000
QQQ=5
MedMax2=99.000000
Accu2=99.000000
Deri2=0.016000
Trend2=99.000000
MedMax1=-99.000000
Accu1=-99.000000
Deri1=-0.007000
Trend1=-99.000000
