Account_total=583213.540000
avg_annual_growth=7.51%
back_long=100
back_medium=20
TTT=25
PPP=1.038000
QQQ=15
MedMax2=99.000000
Accu2=99.000000
Deri2=99.000000
Trend2=0.210000
MedMax1=-99.000000
Accu1=-99.000000
Deri1=-99.000000
Trend1=-0.140000
