Account_total=86158927.725000
avg_annual_growth=29.96%
back_long=600
back_medium=10
TTT=5
PPP=0.992500
QQQ=30
MedMax2=99.000000
Accu2=99.000000
Deri2=0.012000
Trend2=0.105000
MedMax1=-99.000000
Accu1=-99.000000
Deri1=-0.010000
Trend1=-99.000000
