Account_total=2011071.443000
avg_annual_growth=8.16%
back_long=100
back_medium=30
TTT=25
PPP=1.022000
QQQ=15
MedMax2=0.120000
Accu2=20.000000
Deri2=99.000000
Trend2=0.420000
MedMax1=-99.000000
Accu1=-99.000000
Deri1=-99.000000
Trend1=-99.000000
