Code=DAX
date_start_download=1990-01-01
date_start_backtest=1995-01-03
Account_total=3804789.440000
back_long=175
back_medium=45
TTT=40
PPP=0.995000
QQQ=15
MedMax2=0.146000
Accu2=11.000000
Deri2=0.006000
Trend2=0.500000
MedMax1=-0.200000
Accu1=-10.000000
Deri1=-0.006000
Trend1=-0.300000
