Account_total=1735708.347000
avg_annual_growth=12.74%
back_long=100
back_medium=30
TTT=25
PPP=1.020000
QQQ=10
MedMax2=0.120000
Accu2=99.000000
Deri2=99.000000
Trend2=99.000000
MedMax1=-0.120000
Accu1=-10.000000
Deri1=-99.000000
Trend1=-99.000000
