Account_total=128213958.736000
avg_annual_growth=69.82%
back_long=100
back_medium=30
TTT=25
PPP=1.030000
QQQ=10
MedMax2=99.000000
Accu2=99.000000
Deri2=0.018000
Trend2=99.000000
MedMax1=-0.100000
Accu1=-4.000000
Deri1=-99.000000
Trend1=-0.350000
