Account_total=141216128.612000
avg_annual_growth=47.85%
back_long=75
back_medium=5
TTT=5
PPP=1.030000
QQQ=15
MedMax2=99.000000
Accu2=99.000000
Deri2=99.000000
Trend2=99.000000
MedMax1=-99.000000
Accu1=-14.000000
Deri1=-99.000000
Trend1=-99.000000
