Account_total=804810.750000
avg_annual_growth=85.76%
back_long=100
back_medium=20
TTT=25
PPP=1.030000
QQQ=15
MedMax2=0.200000
Accu2=4.000000
Deri2=99.000000
Trend2=99.000000
MedMax1=-99.000000
Accu1=-99.000000
Deri1=-99.000000
Trend1=-99.000000
