Account_total=14194398361.011999
avg_annual_growth=48.63%
back_long=150
back_medium=20
TTT=5
PPP=1.007500
QQQ=5
MedMax2=99.000000
Accu2=99.000000
Deri2=99.000000
Trend2=0.385000
MedMax1=-0.200000
Accu1=-99.000000
Deri1=-99.000000
Trend1=-0.280000
