Account_total=8316379.526000
avg_annual_growth=12.91%
back_long=100
back_medium=30
TTT=30
PPP=1.022000
QQQ=15
MedMax2=99.000000
Accu2=99.000000
Deri2=0.006000
Trend2=99.000000
MedMax1=-99.000000
Accu1=-99.000000
Deri1=-0.010000
Trend1=-0.210000
