Account_total=3372499.554000
avg_annual_growth=8.15%
back_long=275
back_medium=50
TTT=25
PPP=1.025000
QQQ=30
MedMax2=99.000000
Accu2=18.000000
Deri2=99.000000
Trend2=99.000000
MedMax1=-0.080000
Accu1=-18.000000
Deri1=-99.000000
Trend1=-0.210000
