Account_total=2792474.130000
avg_annual_growth=7.49%
back_long=100
back_medium=20
TTT=25
PPP=1.022000
QQQ=15
MedMax2=99.000000
Accu2=12.000000
Deri2=0.006000
Trend2=99.000000
MedMax1=-0.180000
Accu1=-8.000000
Deri1=-99.000000
Trend1=-0.420000
