Account_total=8976886.470000
avg_annual_growth=20.02%
back_long=125
back_medium=50
TTT=45
PPP=1.022500
QQQ=15
MedMax2=0.160000
Accu2=99.000000
Deri2=99.000000
Trend2=0.280000
MedMax1=-99.000000
Accu1=-99.000000
Deri1=-99.000000
Trend1=-99.000000
