Account_total=1378141.990000
avg_annual_growth=14.49%
back_long=100
back_medium=30
TTT=25
PPP=1.022000
QQQ=15
MedMax2=0.120000
Accu2=99.000000
Deri2=99.000000
Trend2=99.000000
MedMax1=-99.000000
Accu1=-99.000000
Deri1=-99.000000
Trend1=-0.420000
