Code=CAC40
date_start_download=1990-01-01
date_start_backtest=1995-01-03
Account_total=1915978.680000
back_long=150
back_medium=40
TTT=45
PPP=1.005000
QQQ=30
MedMax2=0.128000
Accu2=18.200000
Deri2=0.006000
Trend2=0.500000
MedMax1=-0.056000
Accu1=-10.000000
Deri1=-0.006000
Trend1=-0.500000
