Account_total=4743378.690000
avg_annual_growth=9.33%
back_long=525
back_medium=40
TTT=40
PPP=1.025000
QQQ=5
MedMax2=99.000000
Accu2=99.000000
Deri2=0.010000
Trend2=0.455000
MedMax1=-99.000000
Accu1=-99.000000
Deri1=-0.010000
Trend1=-0.455000
