Account_total=1226912188.184000
avg_annual_growth=30.80%
back_long=350
back_medium=10
TTT=5
PPP=0.990000
QQQ=15
MedMax2=99.000000
Accu2=99.000000
Deri2=0.020000
Trend2=99.000000
MedMax1=-99.000000
Accu1=-99.000000
Deri1=-99.000000
Trend1=-99.000000
