Code=CRUDEOIL
date_start_download=1990-01-01
date_start_backtest=1995-01-03
Account_total=10588066.150000
avg_annual_growth=15.022313
back_long=150
back_medium=30
TTT=60
PPP=1.035000
QQQ=15
MedMax2=99.000000
Accu2=99.000000
Deri2=99.000000
Trend2=0.500000
MedMax1=-99.000000
Accu1=-99.000000
Deri1=-99.000000
Trend1=-99.000000
