Account_total=9763385.900000
avg_annual_growth=11.93%
back_long=100
back_medium=30
TTT=30
PPP=1.036000
QQQ=15
MedMax2=99.000000
Accu2=99.000000
Deri2=99.000000
Trend2=99.000000
MedMax1=-0.140000
Accu1=-99.000000
Deri1=-99.000000
Trend1=-0.420000
