Account_total=3450796.790000
avg_annual_growth=8.23%
back_long=100
back_medium=20
TTT=25
PPP=1.020000
QQQ=15
MedMax2=0.180000
Accu2=99.000000
Deri2=99.000000
Trend2=0.210000
MedMax1=-0.140000
Accu1=-99.000000
Deri1=-0.002000
Trend1=-99.000000
