Account_total=2737424.414000
avg_annual_growth=15.34%
back_long=425
back_medium=35
TTT=40
PPP=1.010000
QQQ=15
MedMax2=99.000000
Accu2=99.000000
Deri2=99.000000
Trend2=99.000000
MedMax1=-99.000000
Accu1=-99.000000
Deri1=-99.000000
Trend1=-0.420000
