Code=FTSE250
date_start_download=1990-01-01
date_start_backtest=1995-01-03
Account_total=3261424.030000
back_long=100
back_medium=50
TTT=10
PPP=1.005000
QQQ=20
MedMax2=0.100000
Accu2=7.400000
Deri2=0.004800
Trend2=0.500000
MedMax1=-0.056000
Accu1=-20.000000
Deri1=-0.004800
Trend1=-0.500000
