Account_total=2666622.080000
avg_annual_growth=7.33%
back_long=100
back_medium=30
TTT=30
PPP=1.022000
QQQ=10
MedMax2=0.120000
Accu2=99.000000
Deri2=99.000000
Trend2=99.000000
MedMax1=-0.040000
Accu1=-99.000000
Deri1=-0.006000
Trend1=-99.000000
