Account_total=6159751.350000
avg_annual_growth=10.25%
back_long=500
back_medium=35
TTT=15
PPP=1.000000
QQQ=15
MedMax2=99.000000
Accu2=99.000000
Deri2=99.000000
Trend2=0.140000
MedMax1=-99.000000
Accu1=-99.000000
Deri1=-99.000000
Trend1=-0.105000
