Account_total=2843013.095000
avg_annual_growth=15.36%
back_long=100
back_medium=30
TTT=25
PPP=1.038000
QQQ=15
MedMax2=0.180000
Accu2=99.000000
Deri2=0.010000
Trend2=99.000000
MedMax1=-99.000000
Accu1=-12.000000
Deri1=-99.000000
Trend1=-0.420000
