Account_total=1775801.599000
avg_annual_growth=15.52%
back_long=100
back_medium=20
TTT=25
PPP=1.020000
QQQ=15
MedMax2=99.000000
Accu2=99.000000
Deri2=99.000000
Trend2=99.000000
MedMax1=-99.000000
Accu1=-99.000000
Deri1=-0.012000
Trend1=-99.000000
