Account_total=1872356.000000
avg_annual_growth=6.10%
back_long=150
back_medium=40
TTT=25
PPP=1.000000
QQQ=5
MedMax2=99.000000
Accu2=99.000000
Deri2=0.012000
Trend2=0.455000
MedMax1=-99.000000
Accu1=-4.000000
Deri1=-99.000000
Trend1=-99.000000
