Account_total=695378.110000
avg_annual_growth=2.98%
back_long=100
back_medium=30
TTT=25
PPP=1.020000
QQQ=15
MedMax2=99.000000
Accu2=99.000000
Deri2=0.000000
Trend2=99.000000
MedMax1=-99.000000
Accu1=-99.000000
Deri1=-99.000000
Trend1=-99.000000
