Account_total=2865810.040000
avg_annual_growth=7.56%
back_long=575
back_medium=5
TTT=10
PPP=1.000000
QQQ=15
MedMax2=99.000000
Accu2=20.000000
Deri2=0.020000
Trend2=99.000000
MedMax1=-99.000000
Accu1=-99.000000
Deri1=-0.008000
Trend1=-99.000000
