Account_total=7118517.565000
avg_annual_growth=16.28%
back_long=100
back_medium=30
TTT=25
PPP=1.020000
QQQ=10
MedMax2=99.000000
Accu2=99.000000
Deri2=99.000000
Trend2=99.000000
MedMax1=-0.200000
Accu1=-99.000000
Deri1=-99.000000
Trend1=-99.000000
