Account_total=838409.058000
avg_annual_growth=62.52%
back_long=100
back_medium=30
TTT=25
PPP=1.020000
QQQ=15
MedMax2=0.200000
Accu2=18.000000
Deri2=0.012000
Trend2=99.000000
MedMax1=-0.120000
Accu1=-99.000000
Deri1=-0.020000
Trend1=-99.000000
