Account_total=8086734.680000
avg_annual_growth=15.30%
back_long=375
back_medium=50
TTT=25
PPP=0.992500
QQQ=15
MedMax2=99.000000
Accu2=99.000000
Deri2=0.010000
Trend2=99.000000
MedMax1=-99.000000
Accu1=-99.000000
Deri1=-99.000000
Trend1=-99.000000
