Account_total=2695676.082000
avg_annual_growth=11.02%
back_long=100
back_medium=30
TTT=25
PPP=1.030000
QQQ=10
MedMax2=99.000000
Accu2=99.000000
Deri2=99.000000
Trend2=99.000000
MedMax1=-0.100000
Accu1=-99.000000
Deri1=-99.000000
Trend1=-99.000000
