Account_total=4096540270.032999
avg_annual_growth=39.22%
back_long=100
back_medium=20
TTT=25
PPP=1.020000
QQQ=15
MedMax2=99.000000
Accu2=99.000000
Deri2=99.000000
Trend2=99.000000
MedMax1=-0.180000
Accu1=-99.000000
Deri1=-99.000000
Trend1=-0.140000
