Account_total=2681791.410000
avg_annual_growth=7.35%
back_long=525
back_medium=35
TTT=5
PPP=1.040000
QQQ=15
MedMax2=99.000000
Accu2=99.000000
Deri2=99.000000
Trend2=99.000000
MedMax1=-99.000000
Accu1=-99.000000
Deri1=-99.000000
Trend1=-99.000000
